indID,allele1,allele2,snp,w_bb,w_ab,z_lat,betaSNP,random_env,y
1,1,1,2,1,0,0,0.333333333333333,0.940402547664773,11.5737358809981
2,1,1,2,1,0,0,0.333333333333333,-1.33650648366299,9.29682684967035
3,1,1,2,1,0,1,0.333333333333333,0.410146052079048,11.0434793854124
4,1,1,2,1,0,0,0.333333333333333,0.928099302291425,11.5614326356248
5,1,1,2,1,0,0,0.333333333333333,-0.920704868997282,9.71262846433605
6,1,1,2,1,0,1,0.333333333333333,0.609112999852837,11.2424463331862
7,1,1,2,1,0,0,0.333333333333333,-0.752927264704813,9.88040606862852
8,0,1,1,0,1,0,0,0.259086684811301,10.5590866848113
9,1,1,2,1,0,1,0.333333333333333,-0.0948325927885302,10.5385007405448
10,0,1,1,0,1,0,0,-1.56591196730799,8.73408803269201
11,1,1,2,1,0,0,0.333333333333333,0.874993435022153,11.5083267683555
12,1,1,2,1,0,0,0.333333333333333,0.814196748590759,11.4475300819241
13,1,1,2,1,0,1,0.333333333333333,-0.0751149640997777,10.5582183692336
14,1,1,2,1,0,1,0.333333333333333,-0.268864408208309,10.364468925125
15,1,1,2,1,0,1,0.333333333333333,0.468325825741322,11.1016591590747
16,1,1,2,1,0,1,0.333333333333333,0.394717561341585,11.0280508946749
17,1,1,2,1,0,0,0.333333333333333,1.36263191995228,11.9959652532856
18,1,1,2,1,0,0,0.333333333333333,0.382953325223662,11.016286658557
19,1,1,2,1,0,0,0.333333333333333,-1.05018567917599,9.58314765415735
20,1,1,2,1,0,0,0.333333333333333,0.485251013389925,11.1185843467233
21,1,1,2,1,0,0,0.333333333333333,-1.91553333653343,8.7177999967999
22,0,1,1,0,1,1,0.333333333333333,-0.568771836597334,10.064561496736
23,1,1,2,1,0,0,0.333333333333333,3.01067654820862,13.644009881542
24,1,1,2,1,0,0,0.333333333333333,-1.35096193088336,9.28237140244997
25,0,0,0,0,0,0,0,0.769103933786895,11.0691039337869
26,1,1,2,1,0,0,0.333333333333333,2.0404764575967,12.67380979093
27,1,1,2,1,0,0,0.333333333333333,0.400912771796426,11.0342461051298
28,1,1,2,1,0,0,0.333333333333333,2.46213749995578,13.0954708332891
29,1,1,2,1,0,0,0.333333333333333,-0.765188556262932,9.8681447770704
30,1,1,2,1,0,0,0.333333333333333,-0.167756654689651,10.4655766786437
31,1,1,2,1,0,1,0.333333333333333,-0.0491728982231014,10.5841604351102
32,0,1,1,0,1,0,0,-0.391544008835236,9.90845599116476
33,1,1,2,1,0,0,0.333333333333333,-0.224770770729259,10.4085625626041
34,1,1,2,1,0,0,0.333333333333333,-0.0750876944425761,10.5582456388908
35,1,1,2,1,0,1,0.333333333333333,0.373482664615352,11.0068159979487
36,0,1,1,0,1,1,0.333333333333333,0.116231780611961,10.7495651139453
37,1,1,2,1,0,0,0.333333333333333,-0.410064802555407,10.2232685307779
38,1,1,2,1,0,0,0.333333333333333,0.929079828048073,11.5624131613814
39,1,1,2,1,0,0,0.333333333333333,-0.782458762065247,9.85087457126809
40,1,1,2,1,0,0,0.333333333333333,0.459513798797793,11.0928471321311
41,1,1,2,1,0,0,0.333333333333333,-0.718314027875227,9.91501930545811
42,1,1,2,1,0,0,0.333333333333333,1.02462952015379,11.6579628534871
43,1,1,2,1,0,0,0.333333333333333,-0.464163297010771,10.1691700363226
44,1,1,2,1,0,1,0.333333333333333,0.259699685241464,10.8930330185748
45,0,1,1,0,1,0,0,-0.0531436795604266,10.2468563204396
46,1,1,2,1,0,1,0.333333333333333,-0.270870189239759,10.3624631440936
47,1,1,2,1,0,1,0.333333333333333,-0.321608994513115,10.3117243388202
48,1,1,2,1,0,0,0.333333333333333,0.531531034370757,11.1648643677041
49,1,1,2,1,0,1,0.333333333333333,1.4417732326477,12.075106565981
50,1,1,2,1,0,1,0.333333333333333,1.71105831138678,12.3443916447201
51,1,1,2,1,0,1,0.333333333333333,-0.616962909551128,10.0163704237822
52,1,1,2,1,0,1,0.333333333333333,-0.329691905446954,10.3036414278864
53,0,1,1,0,1,0,0,1.21857986670515,11.5185798667051
54,0,1,1,0,1,0,0,-2.5013863939838,7.7986136060162
55,1,1,2,1,0,0,0.333333333333333,-1.23555483641152,9.39777849692181
56,1,1,2,1,0,0,0.333333333333333,0.177368132397753,10.8107014657311
57,1,1,2,1,0,0,0.333333333333333,-0.902614299753213,9.73071903358012
58,1,1,2,1,0,1,0.333333333333333,2.77075644309304,13.4040897764264
59,1,1,2,1,0,0,0.333333333333333,1.84939669533129,12.4827300286646
60,1,1,2,1,0,1,0.333333333333333,-1.07497261102514,9.5583607223082
61,1,1,2,1,0,0,0.333333333333333,-1.07712921579269,9.55620411754064
62,1,1,2,1,0,1,0.333333333333333,0.587756703089903,11.2210900364232
63,1,1,2,1,0,0,0.333333333333333,-0.598520278249547,10.0348130550838
64,1,1,2,1,0,1,0.333333333333333,0.441778272197185,11.0751116055305
65,1,1,2,1,0,1,0.333333333333333,-0.498901490476249,10.1344318428571
66,1,1,2,1,0,0,0.333333333333333,-0.232090319116264,10.4012430142171
67,0,1,1,0,1,0,0,0.797377842436992,11.097377842437
68,1,1,2,1,0,0,0.333333333333333,1.63599990476217,12.2693332380955
69,1,1,2,1,0,0,0.333333333333333,-0.0482561800536857,10.5850771532796
70,1,1,2,1,0,1,0.333333333333333,-0.90869124847533,9.724642084858
71,1,1,2,1,0,1,0.333333333333333,-0.226055441438369,10.407277891895
72,1,1,2,1,0,0,0.333333333333333,-0.667255722451149,9.96607761088219
73,1,1,2,1,0,0,0.333333333333333,-0.832149820706013,9.80118351262732
74,1,1,2,1,0,0,0.333333333333333,-1.35410755243567,9.27922578089767
75,1,1,2,1,0,1,0.333333333333333,1.14278113654322,11.7761144698765
76,1,1,2,1,0,1,0.333333333333333,-0.287564141230119,10.3457691921032
77,1,1,2,1,0,0,0.333333333333333,1.63520957832922,12.2685429116626
78,1,1,2,1,0,0,0.333333333333333,-0.657218191464157,9.97611514186918
79,1,1,2,1,0,0,0.333333333333333,-1.52281331223341,9.11052002109992
80,1,1,2,1,0,0,0.333333333333333,-1.58532479496143,9.04800853837191
81,1,1,2,1,0,0,0.333333333333333,-0.523979709748065,10.1093536235853
82,1,1,2,1,0,0,0.333333333333333,-1.04070651581084,9.59262681752249
83,1,1,2,1,0,1,0.333333333333333,-1.53010163003388,9.10323170329945
84,0,1,1,0,1,0,0,0.463516078226015,10.763516078226
85,1,1,2,1,0,1,0.333333333333333,0.4208797379735,11.0542130713068
86,0,1,1,0,1,0,0,-0.27224447483505,10.027755525165
87,1,1,2,1,0,0,0.333333333333333,0.294505585324745,10.9278389186581
88,0,1,1,0,1,1,0.333333333333333,0.63151355098174,11.2648468843151
89,1,1,2,1,0,1,0.333333333333333,-0.064495259436027,10.5688380738973
90,0,1,1,0,1,0,0,1.03419376954587,11.3341937695459
91,1,1,2,1,0,0,0.333333333333333,1.55206813022281,12.1854014635561
92,1,1,2,1,0,1,0.333333333333333,1.90181886158035,12.5351521949137
93,1,1,2,1,0,0,0.333333333333333,0.0301903994727202,10.6635237328061
94,1,1,2,1,0,0,0.333333333333333,1.33920717876455,11.9725405120979
95,1,1,2,1,0,1,0.333333333333333,0.767112558993934,11.4004458923273
96,1,1,2,1,0,0,0.333333333333333,-0.184172932995471,10.4491604003379
97,1,1,2,1,0,1,0.333333333333333,1.26582397920198,11.8991573125353
98,1,1,2,1,0,0,0.333333333333333,-0.765365508102507,9.86796782523083
99,1,1,2,1,0,1,0.333333333333333,0.458192031005357,11.0915253643387
100,1,1,2,1,0,0,0.333333333333333,-0.612382203340172,10.0209511299932
101,1,1,2,1,0,1,0.333333333333333,0.328720143192875,10.9620534765262
102,1,1,2,1,0,1,0.333333333333333,-0.813705067553699,9.81962826577964
103,1,1,2,1,0,0,0.333333333333333,0.34798307060045,10.9813164039338
104,0,1,1,0,1,0,0,-0.907755766556135,9.39224423344387
105,0,1,1,0,1,0,0,-2.22141701381965,8.07858298618035
106,1,1,2,1,0,0,0.333333333333333,0.225301204219515,10.8586345375529
107,1,1,2,1,0,1,0.333333333333333,0.962305425878656,11.595638759212
108,1,1,2,1,0,1,0.333333333333333,0.615464075510763,11.2487974088441
109,1,1,2,1,0,1,0.333333333333333,0.0658135007617003,10.699146834095
110,1,1,2,1,0,0,0.333333333333333,1.01895549896334,11.6522888322967
111,1,1,2,1,0,1,0.333333333333333,-0.301118856026352,10.332214477307
112,1,1,2,1,0,0,0.333333333333333,0.532721691032979,11.1660550243663
113,0,1,1,0,1,0,0,-0.0224828853873458,10.2775171146127
114,0,0,0,0,0,1,0,0.116888095689505,10.4168880956895
115,1,1,2,1,0,1,0.333333333333333,-0.744418210727578,9.88891512260576
116,0,1,1,0,1,0,0,0.231469500164757,10.5314695001648
117,1,1,2,1,0,1,0.333333333333333,0.962849260805125,11.5961825941385
118,1,1,2,1,0,0,0.333333333333333,0.513205653040812,11.1465389863741
119,1,1,2,1,0,1,0.333333333333333,-1.07009132326189,9.56324201007145
120,1,1,2,1,0,0,0.333333333333333,-1.79244497619487,8.84088835713846
121,1,1,2,1,0,0,0.333333333333333,1.34459635158139,11.9779296849147
122,0,1,1,0,1,0,0,1.08522782743175,11.3852278274318
123,1,1,2,1,0,1,0.333333333333333,-0.356551043591689,10.2767822897416
124,1,1,2,1,0,0,0.333333333333333,-0.0884315300298684,10.5449018033035
125,1,1,2,1,0,0,0.333333333333333,-1.17734853516804,9.45598479816529
126,0,1,1,0,1,0,0,-0.11263606656565,10.1873639334344
127,1,1,2,1,0,0,0.333333333333333,-0.18305652147539,10.4502768118579
128,1,1,2,1,0,1,0.333333333333333,0.532825195178661,11.166158528512
129,1,1,2,1,0,1,0.333333333333333,1.62527750002834,12.2586108333617
130,1,1,2,1,0,1,0.333333333333333,-0.113687725334058,10.5196456079993
131,0,1,1,0,1,1,0.333333333333333,0.642728970452353,11.2760623037857
132,1,1,2,1,0,1,0.333333333333333,-0.536288152941741,10.0970451803916
133,1,1,2,1,0,0,0.333333333333333,0.917990579985197,11.5513239133185
134,1,1,2,1,0,1,0.333333333333333,1.70441169082049,12.3377450241538
135,1,1,2,1,0,0,0.333333333333333,-0.785980063647342,9.84735326968599
136,1,1,2,1,0,0,0.333333333333333,-0.958513777358209,9.67481955597512
137,1,1,2,1,0,0,0.333333333333333,-1.73194776829937,8.90138556503396
138,1,1,2,1,0,1,0.333333333333333,2.21521179280155,12.8485451261349
139,1,1,2,1,0,1,0.333333333333333,1.67291717041312,12.3062505037465
140,1,1,2,1,0,1,0.333333333333333,-0.931937278633815,9.70139605469952
141,1,1,2,1,0,1,0.333333333333333,-0.970907093233795,9.66242624009954
142,1,1,2,1,0,1,0.333333333333333,0.0760728780021992,10.7094062113355
143,1,1,2,1,0,0,0.333333333333333,0.649498189673863,11.2828315230072
144,1,1,2,1,0,1,0.333333333333333,-0.226378546951367,10.406954786382
145,0,1,1,0,1,0,0,1.59158235490158,11.8915823549016
146,1,1,2,1,0,1,0.333333333333333,0.839440751341706,11.472774084675
147,0,1,1,0,1,1,0.333333333333333,0.734400315391993,11.3677336487253
148,1,1,2,1,0,0,0.333333333333333,0.704023660284208,11.3373569936175
149,1,1,2,1,0,1,0.333333333333333,-0.778654657851191,9.85467867548214
150,1,1,2,1,0,0,0.333333333333333,0.284664152574921,10.9179974859083
151,1,1,2,1,0,1,0.333333333333333,1.26592792244307,11.8992612557764
152,1,1,2,1,0,1,0.333333333333333,-1.46153150920682,9.17180182412651
153,1,1,2,1,0,0,0.333333333333333,1.00594413648193,11.6392774698153
154,0,1,1,0,1,1,0.333333333333333,-0.0383212377640346,10.5950120955693
155,1,1,2,1,0,1,0.333333333333333,0.0958035386272035,10.7291368719605
156,0,1,1,0,1,1,0.333333333333333,-1.48943345121072,9.14389988212261
157,1,1,2,1,0,0,0.333333333333333,-0.0545874867908411,10.5787458465425
158,0,1,1,0,1,0,0,0.854482240358692,11.1544822403587
159,1,1,2,1,0,1,0.333333333333333,1.2399344528534,11.8732677861867
160,1,1,2,1,0,1,0.333333333333333,0.999977923631383,11.6333112569647
161,1,1,2,1,0,0,0.333333333333333,-2.97308928807256,7.66024404526078
162,1,1,2,1,0,0,0.333333333333333,1.11312325998683,11.7464565933202
163,1,1,2,1,0,1,0.333333333333333,0.344135671656357,10.9774690049897
164,1,1,2,1,0,0,0.333333333333333,0.777524918471013,11.4108582518043
165,1,1,2,1,0,0,0.333333333333333,0.467883037228195,11.1012163705615
166,1,1,2,1,0,1,0.333333333333333,-0.8025361707897,9.83079716254363
167,1,1,2,1,0,0,0.333333333333333,-0.487572014543805,10.1457613187895
168,1,1,2,1,0,0,0.333333333333333,-0.156333208924738,10.4770001244086
169,1,1,2,1,0,1,0.333333333333333,0.204152640607841,10.8374859739412
170,1,1,2,1,0,0,0.333333333333333,1.0449692235255,11.6783025568588
171,1,1,2,1,0,0,0.333333333333333,-0.435010210051781,10.1983231232816
172,1,1,2,1,0,1,0.333333333333333,0.0305667456920459,10.6639000790254
173,1,1,2,1,0,0,0.333333333333333,0.789444765384064,11.4227780987174
174,1,1,2,1,0,1,0.333333333333333,0.850217080664989,11.4835504139983
175,1,1,2,1,0,1,0.333333333333333,2.2621759591704,12.8955092925037
176,1,1,2,1,0,1,0.333333333333333,0.384496465659736,11.0178297989931
177,1,1,2,1,0,0,0.333333333333333,-0.872395809279777,9.76093752405356
178,1,1,2,1,0,1,0.333333333333333,-0.366085105396986,10.2672482279363
179,1,1,2,1,0,0,0.333333333333333,0.605754782164997,11.2390881154983
180,0,1,1,0,1,0,0,-0.562977844838953,9.73702215516105
181,1,1,2,1,0,1,0.333333333333333,1.85842888983353,12.4917622231669
182,1,1,2,1,0,0,0.333333333333333,-0.863196444629876,9.77013688870346
183,1,1,2,1,0,0,0.333333333333333,-1.37915209937006,9.25418123396327
184,0,1,1,0,1,0,0,-0.0328594258868435,10.2671405741132
185,1,1,2,1,0,1,0.333333333333333,-0.847024830868364,9.78630850246497
186,1,1,2,1,0,0,0.333333333333333,-0.203512588711706,10.4298207446216
187,1,1,2,1,0,0,0.333333333333333,-0.974177876360158,9.65915545697318
188,1,1,2,1,0,0,0.333333333333333,-1.24726533048122,9.38606800285212
189,1,1,2,1,0,1,0.333333333333333,0.612635213657597,11.2459685469909
190,1,1,2,1,0,1,0.333333333333333,-0.114762581055888,10.5185707522774
191,0,1,1,0,1,0,0,-0.332755355174468,9.96724464482553
192,1,1,2,1,0,0,0.333333333333333,0.30158402068148,10.9349173540148
193,1,1,2,1,0,1,0.333333333333333,0.21554125026484,10.8488745835982
194,1,1,2,1,0,1,0.333333333333333,1.05277143448794,11.6861047678213
195,0,1,1,0,1,0,0,0.109126303673918,10.4091263036739
196,1,1,2,1,0,1,0.333333333333333,0.133828911083321,10.7671622444167
197,1,1,2,1,0,1,0.333333333333333,-0.0914555638260696,10.5418777695073
198,1,1,2,1,0,1,0.333333333333333,1.95159841086953,12.5849317442029
199,1,1,2,1,0,0,0.333333333333333,1.25987349444466,11.893206827778
200,0,1,1,0,1,1,0.333333333333333,-0.240793990151176,10.3925393431822
201,1,1,2,1,0,0,0.333333333333333,-0.0347654161243254,10.598567917209
202,1,1,2,1,0,0,0.333333333333333,-0.880067231840622,9.75326610149271
203,0,1,1,0,1,1,0.333333333333333,-0.271057452731997,10.3622758806013
204,1,1,2,1,0,0,0.333333333333333,1.36373781164994,11.9970711449833
205,1,1,2,1,0,1,0.333333333333333,-0.519214357061408,10.1141189762719
206,0,1,1,0,1,1,0.333333333333333,0.102999436858253,10.7363327701916
207,1,1,2,1,0,0,0.333333333333333,0.557587635016455,11.1909209683498
208,1,1,2,1,0,0,0.333333333333333,1.21603238992953,11.8493657232629
209,1,1,2,1,0,0,0.333333333333333,-0.550463559682596,10.0828697736507
210,0,1,1,0,1,1,0.333333333333333,1.49965283627617,12.1329861696095
211,1,1,2,1,0,1,0.333333333333333,1.47570608451397,12.1090394178473
212,1,1,2,1,0,1,0.333333333333333,-0.200549082292824,10.4327842510405
213,1,1,2,1,0,1,0.333333333333333,0.515938189398605,11.1492715227319
214,1,1,2,1,0,1,0.333333333333333,0.917341843415284,11.5506751767486
215,1,1,2,1,0,0,0.333333333333333,-0.11409801768504,10.5192353156483
216,1,1,2,1,0,1,0.333333333333333,0.406415504129569,11.0397488374629
217,1,1,2,1,0,1,0.333333333333333,-0.680368660424536,9.9529646729088
218,1,1,2,1,0,1,0.333333333333333,1.88146398124477,12.5147973145781
219,1,1,2,1,0,1,0.333333333333333,-0.319533417153579,10.3137999161798
220,0,1,1,0,1,1,0.333333333333333,-0.0149762802608781,10.6183570530725
221,1,1,2,1,0,1,0.333333333333333,0.362846959238379,10.9961802925717
222,1,1,2,1,0,1,0.333333333333333,0.378209296117035,11.0115426294504
223,1,1,2,1,0,1,0.333333333333333,-0.929519373387707,9.70381395994563
224,1,1,2,1,0,1,0.333333333333333,0.871740709875801,11.5050740432091
225,1,1,2,1,0,1,0.333333333333333,0.751065572481251,11.3843989058146
226,0,1,1,0,1,1,0.333333333333333,-0.675597561184375,9.95773577214896
227,1,1,2,1,0,0,0.333333333333333,-1.84562051005111,8.78771282328223
228,1,1,2,1,0,0,0.333333333333333,0.000227887844757027,10.6335612211781
229,1,1,2,1,0,0,0.333333333333333,-0.922579169886143,9.71075416344719
230,0,1,1,0,1,0,0,-2.04115959343296,8.25884040656705
231,1,1,2,1,0,0,0.333333333333333,0.538133848104139,11.1714671814375
232,1,1,2,1,0,0,0.333333333333333,-0.566868634582301,10.066464698751
233,1,1,2,1,0,0,0.333333333333333,-0.421368269984098,10.2119650633492
234,1,1,2,1,0,1,0.333333333333333,0.595976293367177,11.2293096267005
235,1,1,2,1,0,1,0.333333333333333,0.625811810208052,11.2591451435414
236,1,1,2,1,0,1,0.333333333333333,-0.297116854044217,10.3362164792891
237,1,1,2,1,0,0,0.333333333333333,-0.408232719424883,10.2251006139085
238,1,1,2,1,0,1,0.333333333333333,-0.598034301521892,10.0352990318114
239,1,1,2,1,0,1,0.333333333333333,0.666013833335729,11.2993471666691
240,1,1,2,1,0,0,0.333333333333333,0.0498290545889663,10.6831623879223
241,1,1,2,1,0,1,0.333333333333333,0.407169789240056,11.0405031225734
242,0,1,1,0,1,1,0.333333333333333,-0.062846929093262,10.5704864042401
243,1,1,2,1,0,0,0.333333333333333,-0.65932797619156,9.97400535714177
244,0,1,1,0,1,1,0.333333333333333,0.387439484477591,11.0207728178109
245,1,1,2,1,0,1,0.333333333333333,-1.74449626385288,8.88883706948046
246,0,1,1,0,1,1,0.333333333333333,0.13702603009966,10.770359363433
247,1,1,2,1,0,1,0.333333333333333,0.818430288904716,11.4517636222381
248,1,1,2,1,0,1,0.333333333333333,-1.96524191599249,8.66809141734084
249,1,1,2,1,0,0,0.333333333333333,-0.430485887843253,10.2028474454901
250,1,1,2,1,0,0,0.333333333333333,0.371636262130844,11.0049695954642
251,1,1,2,1,0,1,0.333333333333333,0.142377414563333,10.7757107478967
252,1,1,2,1,0,0,0.333333333333333,-0.453002835908038,10.1803304974253
253,1,1,2,1,0,1,0.333333333333333,-0.0776876433779962,10.5556456899553
254,1,1,2,1,0,0,0.333333333333333,1.07271731350437,11.7060506468377
255,0,1,1,0,1,1,0.333333333333333,1.01140385105594,11.6447371843893
256,1,1,2,1,0,1,0.333333333333333,-1.26663410553294,9.3666992278004
257,1,1,2,1,0,1,0.333333333333333,-0.588440593713996,10.0448927396193
258,1,1,2,1,0,0,0.333333333333333,0.96578521083216,11.5991185441655
259,1,1,2,1,0,0,0.333333333333333,1.03184769649304,11.6651810298264
260,1,1,2,1,0,1,0.333333333333333,0.304149060132564,10.9374823934659
261,1,1,2,1,0,0,0.333333333333333,-1.40435012307046,9.22898321026288
262,1,1,2,1,0,1,0.333333333333333,0.625750940977343,11.2590842743107
263,1,1,2,1,0,0,0.333333333333333,-0.450192889259212,10.1831404440741
264,0,1,1,0,1,0,0,0.301970869489224,10.6019708694892
265,0,1,1,0,1,1,0.333333333333333,-0.588144599047394,10.0451887342859
266,1,1,2,1,0,0,0.333333333333333,0.749658208809107,11.3829915421424
267,1,1,2,1,0,0,0.333333333333333,0.657158623176065,11.2904919565094
268,0,1,1,0,1,0,0,0.589903635152131,10.8899036351521
269,0,1,1,0,1,0,0,0.216142799312249,10.5161427993123
270,1,1,2,1,0,0,0.333333333333333,2.40730410350737,13.0406374368407
271,1,1,2,1,0,0,0.333333333333333,0.510627815738288,11.1439611490716
272,0,1,1,0,1,0,0,-1.99742063960581,8.30257936039419
273,1,1,2,1,0,0,0.333333333333333,1.29084622230159,11.9241795556349
274,0,1,1,0,1,1,0.333333333333333,2.34570918925369,12.979042522587
275,0,1,1,0,1,0,0,1.6404005824258,11.9404005824258
276,1,1,2,1,0,1,0.333333333333333,0.5075778499906,11.1409111833239
277,1,1,2,1,0,0,0.333333333333333,0.552057779540951,11.1853911128743
278,1,1,2,1,0,0,0.333333333333333,-1.12186752146488,9.51146581186845
279,0,1,1,0,1,1,0.333333333333333,1.19499608383961,11.8283294171729
280,1,1,2,1,0,1,0.333333333333333,-0.584080343002616,10.0492529903307
281,1,1,2,1,0,0,0.333333333333333,0.909224232206089,11.5425575655394
282,1,1,2,1,0,1,0.333333333333333,1.00690060331017,11.6402339366435
283,0,1,1,0,1,1,0.333333333333333,-0.407554043654128,10.2257792896792
284,0,1,1,0,1,1,0.333333333333333,0.212950112950022,10.8462834462834
285,1,1,2,1,0,0,0.333333333333333,-0.089847769232479,10.5434855641009
286,0,1,1,0,1,1,0.333333333333333,-1.6085977426049,9.02473559072843
287,1,1,2,1,0,0,0.333333333333333,-1.39239962124078,9.24093371209255
288,1,1,2,1,0,1,0.333333333333333,-0.857963839489126,9.77536949384421
289,0,1,1,0,1,0,0,-1.18234858771984,9.11765141228016
290,0,1,1,0,1,1,0.333333333333333,-0.916654748721442,9.71667858461189
291,1,1,2,1,0,1,0.333333333333333,-0.0487745114876373,10.5845588218457
292,1,1,2,1,0,0,0.333333333333333,0.467981480667667,11.101314814001
293,1,1,2,1,0,1,0.333333333333333,1.23752851701544,11.8708618503488
294,1,1,2,1,0,0,0.333333333333333,-1.66248502118842,8.97084831214492
295,0,1,1,0,1,1,0.333333333333333,0.34140058045063,10.974733913784
296,0,1,1,0,1,1,0.333333333333333,0.0753719744802835,10.7087053078136
297,0,1,1,0,1,0,0,-0.465278653853267,9.83472134614673
298,1,1,2,1,0,0,0.333333333333333,0.393405673924307,11.0267390072576
299,1,1,2,1,0,1,0.333333333333333,-0.605283524187019,10.0280498091463
300,0,1,1,0,1,0,0,-1.08228025195185,9.21771974804815
301,1,1,2,1,0,0,0.333333333333333,0.00700321408317675,10.6403365474165
302,1,1,2,1,0,0,0.333333333333333,1.53010297371237,12.1634363070457
303,1,1,2,1,0,1,0.333333333333333,-0.828709987241371,9.80462334609196
304,1,1,2,1,0,1,0.333333333333333,0.913569745594858,11.5469030789282
305,1,1,2,1,0,1,0.333333333333333,-0.026367823508507,10.6069655098248
306,1,1,2,1,0,0,0.333333333333333,0.883198873328086,11.5165322066614
307,1,1,2,1,0,1,0.333333333333333,-0.113887734375484,10.5194455989579
308,1,1,2,1,0,0,0.333333333333333,-1.38138948689672,9.25194384643662
309,0,1,1,0,1,0,0,-0.284635872496773,10.0153641275032
310,0,1,1,0,1,0,0,-0.228467309086649,10.0715326909134
311,1,1,2,1,0,1,0.333333333333333,0.559218724716553,11.1925520580499
312,1,1,2,1,0,0,0.333333333333333,-0.153633554638776,10.4796997786946
313,0,1,1,0,1,1,0.333333333333333,-0.500890397806279,10.1324429355271
314,1,1,2,1,0,0,0.333333333333333,0.820760034786964,11.4540933681203
315,0,1,1,0,1,1,0.333333333333333,-3.26056170931675,7.37277162401659
316,1,1,2,1,0,0,0.333333333333333,-1.18236721993644,9.45096611339689
317,1,1,2,1,0,0,0.333333333333333,0.163543639178322,10.7968769725117
318,1,1,2,1,0,0,0.333333333333333,0.639588821572059,11.2729221549054
319,1,1,2,1,0,0,0.333333333333333,-0.102859752688748,10.5304735806446
320,1,1,2,1,0,1,0.333333333333333,0.439680963869235,11.0730142972026
321,1,1,2,1,0,1,0.333333333333333,1.54558693833373,12.1789202716671
322,1,1,2,1,0,0,0.333333333333333,0.64293026701874,11.2762636003521
323,1,1,2,1,0,0,0.333333333333333,-1.41061405958377,9.22271927374956
324,1,1,2,1,0,1,0.333333333333333,0.572219916316056,11.2055532496494
325,1,1,2,1,0,1,0.333333333333333,1.20829677449165,11.841630107825
326,1,1,2,1,0,0,0.333333333333333,0.749375887474383,11.3827092208077
327,1,1,2,1,0,1,0.333333333333333,1.22153313923932,11.8548664725727
328,1,1,2,1,0,1,0.333333333333333,0.462799963907085,11.0961332972404
329,1,1,2,1,0,0,0.333333333333333,0.649189239819958,11.2825225731533
330,1,1,2,1,0,0,0.333333333333333,1.37352467855169,12.006858011885
331,1,1,2,1,0,0,0.333333333333333,0.957003348993068,11.5903366823264
332,1,1,2,1,0,0,0.333333333333333,-0.379164742607259,10.2541685907261
333,0,1,1,0,1,0,0,-0.392850028534979,9.90714997146502
334,1,1,2,1,0,1,0.333333333333333,0.256107155449228,10.8894404887826
335,1,1,2,1,0,0,0.333333333333333,-1.56865979022638,9.06467354310696
336,1,1,2,1,0,1,0.333333333333333,0.0969341648146986,10.730267498148
337,1,1,2,1,0,1,0.333333333333333,-0.483541477103266,10.1497918562301
338,1,1,2,1,0,0,0.333333333333333,-0.469092685928165,10.1642406474052
339,1,1,2,1,0,0,0.333333333333333,-1.23460747949603,9.39872585383731
340,0,1,1,0,1,1,0.333333333333333,-0.952655867054457,9.68067746627888
341,1,1,2,1,0,1,0.333333333333333,-0.453531683292439,10.1798016500409
342,1,1,2,1,0,1,0.333333333333333,0.00746935432973172,10.6408026876631
343,1,1,2,1,0,1,0.333333333333333,-0.435000762239594,10.1983325710937
344,0,1,1,0,1,1,0.333333333333333,-0.244089259311768,10.3892440740216
345,1,1,2,1,0,1,0.333333333333333,0.127330301616224,10.7606636349496
346,0,1,1,0,1,1,0.333333333333333,1.81616280379197,12.4494961371253
347,1,1,2,1,0,1,0.333333333333333,-0.900242358727971,9.73309097460536
348,1,1,2,1,0,1,0.333333333333333,0.716727958163333,11.3500612914967
349,1,1,2,1,0,0,0.333333333333333,-1.3608265388403,9.27250679449303
350,0,1,1,0,1,0,0,-0.111208443734294,10.1887915562657
351,1,1,2,1,0,1,0.333333333333333,-1.9072027478658,8.72613058546753
352,1,1,2,1,0,1,0.333333333333333,1.58733661842425,12.2206699517576
353,1,1,2,1,0,0,0.333333333333333,-1.35341930091527,9.27991403241806
354,1,1,2,1,0,1,0.333333333333333,1.30118428041538,11.9345176137487
355,1,1,2,1,0,1,0.333333333333333,1.4404839355455,12.0738172688788
356,1,1,2,1,0,0,0.333333333333333,1.09796056947801,11.7312939028113
357,1,1,2,1,0,1,0.333333333333333,-0.720533073729851,9.91280025960348
358,1,1,2,1,0,1,0.333333333333333,0.638187789106392,11.2715211224397
359,1,1,2,1,0,1,0.333333333333333,2.07989858715107,12.7132319204844
360,1,1,2,1,0,0,0.333333333333333,-0.389287479566652,10.2440458537667
361,1,1,2,1,0,0,0.333333333333333,-1.89755744983563,8.73577588349771
362,1,1,2,1,0,0,0.333333333333333,-0.680328866481281,9.95300446685205
363,1,1,2,1,0,0,0.333333333333333,0.07424652548963,10.707579858823
364,1,1,2,1,0,0,0.333333333333333,0.237073766392402,10.8704070997257
365,1,1,2,1,0,1,0.333333333333333,-0.817558348781002,9.81577498455233
366,1,1,2,1,0,0,0.333333333333333,1.0241168745891,11.6574502079224
367,1,1,2,1,0,0,0.333333333333333,-0.636295118630965,9.99703821470237
368,1,1,2,1,0,1,0.333333333333333,-1.20675887798167,9.42657445535167
369,1,1,2,1,0,1,0.333333333333333,-0.0816710969929239,10.5516622363404
370,1,1,2,1,0,0,0.333333333333333,-0.497121134465338,10.136212198868
371,1,1,2,1,0,0,0.333333333333333,-2.70857962628487,7.92475370704846
372,1,1,2,1,0,0,0.333333333333333,0.143324052714049,10.7766573860474
373,1,1,2,1,0,0,0.333333333333333,0.281686252586194,10.9150195859195
374,1,1,2,1,0,1,0.333333333333333,0.573307140319614,11.2066404736529
375,1,1,2,1,0,0,0.333333333333333,-0.898770394557047,9.73456293877629
376,1,1,2,1,0,1,0.333333333333333,0.203764137041948,10.8370974703753
377,1,1,2,1,0,0,0.333333333333333,0.368370907839896,11.0017042411732
378,1,1,2,1,0,0,0.333333333333333,0.926613338711012,11.5599466720443
379,1,1,2,1,0,1,0.333333333333333,-0.219804919689326,10.413528413644
380,1,1,2,1,0,0,0.333333333333333,-0.84877326883004,9.78456006450329
381,1,1,2,1,0,0,0.333333333333333,-0.875431286861064,9.75790204647227
382,1,1,2,1,0,1,0.333333333333333,1.03769504058504,11.6710283739184
383,0,1,1,0,1,0,0,1.60800463284565,11.9080046328457
384,0,1,1,0,1,1,0.333333333333333,-1.49137568462855,9.14195764870479
385,1,1,2,1,0,1,0.333333333333333,-1.89720535477872,8.73612797855461
386,1,1,2,1,0,1,0.333333333333333,0.665746302005129,11.2990796353385
387,0,1,1,0,1,1,0.333333333333333,0.236466065334708,10.869799398668
388,1,1,2,1,0,0,0.333333333333333,-0.295794727099555,10.3375386062338
389,0,1,1,0,1,1,0.333333333333333,-0.758075385547947,9.87525794778539
390,0,1,1,0,1,0,0,-0.12533417227616,10.1746658277238
391,1,1,2,1,0,1,0.333333333333333,0.851350695120202,11.4846840284535
392,1,1,2,1,0,1,0.333333333333333,-0.550426027901566,10.0829073054318
393,1,1,2,1,0,1,0.333333333333333,1.68992733977571,12.323260673109
394,1,1,2,1,0,1,0.333333333333333,0.966300397298155,11.5996337306315
395,1,1,2,1,0,0,0.333333333333333,0.715107433099014,11.3484407664323
396,0,1,1,0,1,0,0,0.802561926495123,11.1025619264951
397,1,1,2,1,0,1,0.333333333333333,-0.0645458742746786,10.5687874590587
398,1,1,2,1,0,1,0.333333333333333,-1.0496974064784,9.58363592685493
399,1,1,2,1,0,1,0.333333333333333,-1.41100290220599,9.22233043112734
400,1,1,2,1,0,0,0.333333333333333,-0.829249245240501,9.80408408809283
401,1,1,2,1,0,1,0.333333333333333,-0.106789815161341,10.526543518172
402,1,1,2,1,0,1,0.333333333333333,-0.349125919846794,10.2842074134865
403,1,1,2,1,0,1,0.333333333333333,0.260932253878312,10.8942655872116
404,1,1,2,1,0,0,0.333333333333333,-0.723779278365504,9.90955405496783
405,1,1,2,1,0,0,0.333333333333333,0.88529019838288,11.5186235317162
406,1,1,2,1,0,0,0.333333333333333,-1.11142451333882,9.52190881999451
407,0,0,0,0,0,1,0,-2.43721303154029,7.86278696845971
408,1,1,2,1,0,0,0.333333333333333,-0.273607786250765,10.3597255470826
409,1,1,2,1,0,1,0.333333333333333,0.699275851272442,11.3326091846058
410,1,1,2,1,0,0,0.333333333333333,0.829950523287185,11.4632838566205
411,1,1,2,1,0,1,0.333333333333333,0.0308653861466108,10.6641987194799
412,1,1,2,1,0,0,0.333333333333333,-0.228271378340756,10.4050619549926
413,1,1,2,1,0,0,0.333333333333333,-0.783057923687599,9.85027540964574
414,1,1,2,1,0,0,0.333333333333333,-1.008436017028,9.62489731630533
415,1,1,2,1,0,0,0.333333333333333,-0.412635830251009,10.2206975030823
416,1,1,2,1,0,0,0.333333333333333,0.271521580633136,10.9048549139665
417,1,1,2,1,0,0,0.333333333333333,0.900937805672324,11.5342711390057
418,1,1,2,1,0,1,0.333333333333333,-0.0112686464209699,10.6220646869124
419,1,1,2,1,0,0,0.333333333333333,1.01312386299888,11.6464571963322
420,1,1,2,1,0,0,0.333333333333333,1.44254451595312,12.0758778492865
421,1,1,2,1,0,1,0.333333333333333,-1.04949872608139,9.58383460725195
422,0,1,1,0,1,1,0.333333333333333,0.011288582567303,10.6446219159006
423,1,1,2,1,0,1,0.333333333333333,1.37461568738507,12.0079490207184
424,1,1,2,1,0,0,0.333333333333333,0.381879605318853,11.0152129386522
425,0,1,1,0,1,0,0,0.392045909060856,10.6920459090609
426,1,1,2,1,0,1,0.333333333333333,-0.55780882941091,10.0755245039224
427,1,1,2,1,0,0,0.333333333333333,0.0084400844884864,10.6417734178218
428,1,1,2,1,0,1,0.333333333333333,0.864564039089174,11.4978973724225
429,1,1,2,1,0,1,0.333333333333333,3.68114065459458,14.3144739879279
430,1,1,2,1,0,1,0.333333333333333,-0.545278451080995,10.0880548822523
431,1,1,2,1,0,0,0.333333333333333,0.473520864034249,11.1068541973676
432,1,1,2,1,0,1,0.333333333333333,0.780550427892473,11.4138837612258
433,0,1,1,0,1,0,0,0.0826493914268348,10.3826493914268
434,1,1,2,1,0,0,0.333333333333333,-0.0919878930137456,10.5413454403196
435,1,1,2,1,0,1,0.333333333333333,-1.00334049507198,9.62999283826136
436,0,1,1,0,1,0,0,-0.85154793609671,9.44845206390329
437,1,1,2,1,0,0,0.333333333333333,0.0606643074314833,10.6939976407648
438,1,1,2,1,0,0,0.333333333333333,-0.540830005775344,10.092503327558
439,0,1,1,0,1,0,0,0.0460980467383282,10.3460980467383
440,0,1,1,0,1,0,0,0.0827441090022023,10.3827441090022
441,1,1,2,1,0,1,0.333333333333333,-0.441021442247998,10.1923118910853
442,1,1,2,1,0,1,0.333333333333333,-0.14285230623815,10.4904810270952
443,0,1,1,0,1,1,0.333333333333333,-0.0407865637349238,10.5925467695984
444,1,1,2,1,0,1,0.333333333333333,-0.433855673396564,10.1994776599368
445,1,1,2,1,0,1,0.333333333333333,-0.171183950684448,10.4621493826489
446,1,1,2,1,0,1,0.333333333333333,-0.343066978533358,10.2902663548
447,0,1,1,0,1,0,0,0.323379924876465,10.6233799248765
448,0,1,1,0,1,1,0.333333333333333,-0.994981496087342,9.63835183724599
449,1,1,2,1,0,0,0.333333333333333,-1.79428342283991,8.83904991049342
450,1,1,2,1,0,0,0.333333333333333,-1.11539476353162,9.51793856980172
451,1,1,2,1,0,0,0.333333333333333,0.601386553880623,11.234719887214
452,0,1,1,0,1,0,0,1.47764889832863,11.7776488983286
453,1,1,2,1,0,1,0.333333333333333,1.02642801322382,11.6597613465572
454,1,1,2,1,0,0,0.333333333333333,0.529951212830369,11.1632845461637
455,1,1,2,1,0,1,0.333333333333333,0.760135447222022,11.3934687805554
456,1,1,2,1,0,1,0.333333333333333,-1.80447991008586,8.82885342324747
457,1,1,2,1,0,0,0.333333333333333,-1.05818599795485,9.57514733537848
458,1,1,2,1,0,1,0.333333333333333,-1.43092315806004,9.2024101752733
459,1,1,2,1,0,0,0.333333333333333,0.538866550717418,11.1721998840508
460,1,1,2,1,0,1,0.333333333333333,-1.17680219444609,9.45653113888724
461,0,0,0,0,0,1,0,0.389947885584249,10.6899478855842
462,1,1,2,1,0,1,0.333333333333333,0.24662453302845,10.8799578663618
463,0,1,1,0,1,1,0.333333333333333,-1.85593523523428,8.77739809809905
464,1,1,2,1,0,0,0.333333333333333,-0.33866581258989,10.2946675207434
465,1,1,2,1,0,0,0.333333333333333,-1.77900347443315,8.85432985890018
466,1,1,2,1,0,0,0.333333333333333,1.69593064891698,12.3292639822503
467,1,1,2,1,0,1,0.333333333333333,-0.146961146699298,10.486372186634
468,1,1,2,1,0,0,0.333333333333333,-1.05800429573428,9.57532903759906
469,1,1,2,1,0,0,0.333333333333333,-0.199486424579485,10.4338469087538
470,1,1,2,1,0,0,0.333333333333333,-1.84327254019916,8.79006079313417
471,1,1,2,1,0,0,0.333333333333333,-0.287766403365273,10.3455669299681
472,1,1,2,1,0,1,0.333333333333333,-0.719676840592016,9.91365649274132
473,0,1,1,0,1,0,0,-0.375336506502242,9.92466349349776
474,0,1,1,0,1,1,0.333333333333333,-1.89941519837383,8.7339181349595
475,1,1,2,1,0,1,0.333333333333333,0.118916860843113,10.7522501941764
476,1,1,2,1,0,1,0.333333333333333,0.404876752124834,11.0382100854582
477,1,1,2,1,0,0,0.333333333333333,0.676676106312166,11.3100094396455
478,1,1,2,1,0,0,0.333333333333333,-1.43319187635284,9.2001414569805
479,1,1,2,1,0,1,0.333333333333333,0.800890584886008,11.4342239182193
480,0,1,1,0,1,0,0,0.0717866974691016,10.3717866974691
481,1,1,2,1,0,1,0.333333333333333,0.435214571563462,11.0685479048968
482,1,1,2,1,0,0,0.333333333333333,-0.436421410107584,10.1969119232258
483,1,1,2,1,0,1,0.333333333333333,-0.776375514490091,9.85695781884324
484,1,1,2,1,0,1,0.333333333333333,2.47306054634168,13.106393879675
485,1,1,2,1,0,1,0.333333333333333,1.61497891093951,12.2483122442728
486,0,0,0,0,0,0,0,-1.1000669365904,9.1999330634096
487,1,1,2,1,0,1,0.333333333333333,-2.25237427061881,8.38095906271453
488,1,1,2,1,0,0,0.333333333333333,-0.93735331574748,9.69598001758586
489,1,1,2,1,0,1,0.333333333333333,-0.135663878017164,10.4976694553162
490,1,1,2,1,0,1,0.333333333333333,-0.635560122220139,9.9977732111132
491,1,1,2,1,0,0,0.333333333333333,0.280802777845657,10.914136111179
492,1,1,2,1,0,0,0.333333333333333,1.75119735983246,12.3845306931658
493,1,1,2,1,0,0,0.333333333333333,0.94135716001121,11.5746904933445
494,1,1,2,1,0,1,0.333333333333333,-1.34851278181569,9.28482055151764
495,1,1,2,1,0,1,0.333333333333333,0.773831350835232,11.4071646841686
496,1,1,2,1,0,0,0.333333333333333,-0.324241035148163,10.3090922981852
497,1,1,2,1,0,0,0.333333333333333,0.00098667156996483,10.6343200049033
498,0,1,1,0,1,1,0.333333333333333,-0.64478498869436,9.98854834463897
499,1,1,2,1,0,0,0.333333333333333,1.22550227179495,11.8588356051283
500,1,1,2,1,0,1,0.333333333333333,-0.661174368269983,9.97215896506335
501,1,1,2,1,0,0,0.333333333333333,-0.399665221764379,10.233668111569
502,1,1,2,1,0,0,0.333333333333333,-0.369073391429452,10.2642599419039
503,1,1,2,1,0,0,0.333333333333333,-0.42301515312223,10.2103181802111
504,1,1,2,1,0,0,0.333333333333333,0.438940222579562,11.0722735559129
505,1,1,2,1,0,1,0.333333333333333,-0.669378152935794,9.96395518039754
506,1,1,2,1,0,1,0.333333333333333,0.414605419144236,11.0479387524776
507,1,1,2,1,0,1,0.333333333333333,-1.39078051916249,9.24255281417084
508,1,1,2,1,0,0,0.333333333333333,-0.842585450304866,9.79074788302847
509,1,1,2,1,0,1,0.333333333333333,-0.622930492448081,10.0104028408853
510,1,1,2,1,0,0,0.333333333333333,0.695512325728641,11.328845659062
511,0,0,0,0,0,0,0,-0.553528952816195,9.7464710471838
512,1,1,2,1,0,1,0.333333333333333,0.789341447306784,11.4226747806401
513,1,1,2,1,0,1,0.333333333333333,0.13960307914138,10.7729364124747
514,1,1,2,1,0,1,0.333333333333333,2.53000332501866,13.163336658352
515,1,1,2,1,0,0,0.333333333333333,-0.697765773455915,9.93556755987742
516,1,1,2,1,0,1,0.333333333333333,0.62160781212415,11.2549411454575
517,0,1,1,0,1,0,0,-0.38882683291932,9.91117316708068
518,1,1,2,1,0,0,0.333333333333333,-1.83822898162789,8.79510435170544
519,1,1,2,1,0,0,0.333333333333333,1.22341108020753,11.8567444135409
520,1,1,2,1,0,1,0.333333333333333,0.688438567803245,11.3217719011366
521,0,1,1,0,1,1,0.333333333333333,0.4870690160241,11.1204023493574
522,1,1,2,1,0,0,0.333333333333333,-0.884983744172032,9.7483495891613
523,1,1,2,1,0,0,0.333333333333333,-1.47698877700415,9.15634455632918
524,1,1,2,1,0,1,0.333333333333333,-0.990695297039217,9.64263803629412
525,1,1,2,1,0,0,0.333333333333333,-0.1862097469957,10.4471235863376
526,1,1,2,1,0,0,0.333333333333333,0.897688742836835,11.5310220761702
527,1,1,2,1,0,0,0.333333333333333,-1.09191136964348,9.54142196368986
528,1,1,2,1,0,0,0.333333333333333,-0.390867196047259,10.2424661372861
529,1,1,2,1,0,0,0.333333333333333,0.0965082653839082,10.7298415987172
530,1,1,2,1,0,0,0.333333333333333,2.13790971572161,12.7712430490549
531,0,1,1,0,1,1,0.333333333333333,-0.131447866921253,10.5018854664121
532,1,1,2,1,0,1,0.333333333333333,0.118486849034609,10.7518201823679
533,0,1,1,0,1,0,0,-0.0144132639452721,10.2855867360547
534,1,1,2,1,0,1,0.333333333333333,-0.0595592168508289,10.5737741164825
535,0,1,1,0,1,1,0.333333333333333,0.592598523085902,11.2259318564192
536,0,1,1,0,1,0,0,2.10896618924414,12.4089661892441
537,1,1,2,1,0,0,0.333333333333333,0.163139290356988,10.7964726236903
538,1,1,2,1,0,0,0.333333333333333,0.631456774615205,11.2647901079485
539,1,1,2,1,0,1,0.333333333333333,-0.631097348143891,10.0022359851894
540,1,1,2,1,0,0,0.333333333333333,0.349224375508162,10.9825577088415
541,1,1,2,1,0,0,0.333333333333333,0.180642640247474,10.8139759735808
542,0,1,1,0,1,0,0,0.254505056031444,10.5545050560314
543,1,1,2,1,0,0,0.333333333333333,-0.257201947317148,10.3761313860162
544,0,1,1,0,1,1,0.333333333333333,-1.04513237632695,9.58820095700639
545,1,1,2,1,0,1,0.333333333333333,-1.4604027711123,9.17293056222103
546,1,1,2,1,0,1,0.333333333333333,0.043679835754815,10.6770131690882
547,1,1,2,1,0,1,0.333333333333333,1.43016688321739,12.0635002165507
548,1,1,2,1,0,0,0.333333333333333,-1.0397768850817,9.59355644825163
549,1,1,2,1,0,0,0.333333333333333,-1.43502082718856,9.19831250614478
550,1,1,2,1,0,1,0.333333333333333,1.51726759112711,12.1506009244604
551,0,0,0,0,0,0,0,-0.346330413090965,9.95366958690904
552,1,1,2,1,0,0,0.333333333333333,0.645346126714144,11.2786794600475
553,1,1,2,1,0,0,0.333333333333333,-0.948219888978328,9.68511344435501
554,0,1,1,0,1,1,0.333333333333333,-0.140971599447234,10.4923617338861
555,1,1,2,1,0,0,0.333333333333333,0.0523582328894914,10.6856915662228
556,1,1,2,1,0,0,0.333333333333333,-0.931298072661682,9.70203526067165
557,1,1,2,1,0,1,0.333333333333333,-0.685026474887601,9.94830685844573
558,1,1,2,1,0,0,0.333333333333333,0.428661288310918,11.0619946216443
559,1,1,2,1,0,0,0.333333333333333,0.153687083116699,10.78702041645
560,0,1,1,0,1,0,0,0.059725151420384,10.3597251514204
561,1,1,2,1,0,0,0.333333333333333,0.277748523765847,10.9110818570992
562,1,1,2,1,0,1,0.333333333333333,1.04380876313112,11.6771420964645
563,1,1,2,1,0,0,0.333333333333333,-1.31994109718987,9.31339223614346
564,1,1,2,1,0,0,0.333333333333333,0.9336977367757,11.567031070109
565,0,1,1,0,1,0,0,-0.921042972821484,9.37895702717852
566,1,1,2,1,0,1,0.333333333333333,-0.700197078785049,9.93313625454829
567,1,1,2,1,0,1,0.333333333333333,1.41887132869353,12.0522046620269
568,1,1,2,1,0,0,0.333333333333333,3.14885842416937,13.7821917575027
569,1,1,2,1,0,1,0.333333333333333,-1.07126454256017,9.56206879077316
570,1,1,2,1,0,1,0.333333333333333,1.50448452083853,12.1378178541719
571,1,1,2,1,0,1,0.333333333333333,-0.185065484069467,10.4482678492639
572,0,1,1,0,1,1,0.333333333333333,0.641734446081432,11.2750677794148
573,1,1,2,1,0,0,0.333333333333333,-0.289587081671405,10.3437462516619
574,1,1,2,1,0,1,0.333333333333333,-0.147205059339386,10.4861282739939
575,1,1,2,1,0,1,0.333333333333333,-1.33917922855732,9.29415410477602
576,0,1,1,0,1,1,0.333333333333333,-1.13898212289252,9.49435121044081
577,1,1,2,1,0,1,0.333333333333333,-0.356283815824555,10.2770495175088
578,1,1,2,1,0,1,0.333333333333333,0.525471951318906,11.1588052846522
579,0,1,1,0,1,0,0,0.921791187065164,11.2217911870652
580,1,1,2,1,0,1,0.333333333333333,1.16951444220354,11.8028477755369
581,1,1,2,1,0,0,0.333333333333333,1.32009134449629,11.9534246778296
582,0,1,1,0,1,0,0,0.143775013657518,10.4437750136575
583,1,1,2,1,0,1,0.333333333333333,-0.0621529390028669,10.5711803943305
584,1,1,2,1,0,1,0.333333333333333,0.734805367235794,11.3681387005691
585,0,1,1,0,1,1,0.333333333333333,0.468550908410839,11.1018842417442
586,1,1,2,1,0,1,0.333333333333333,-0.046257577411623,10.5870757559217
587,1,1,2,1,0,1,0.333333333333333,0.22722416830781,10.8605575016411
588,1,1,2,1,0,0,0.333333333333333,1.02176326238893,11.6550965957223
589,1,1,2,1,0,1,0.333333333333333,-1.51829160331972,9.11504173001362
590,1,1,2,1,0,1,0.333333333333333,2.32886548936537,12.9621988226987
591,1,1,2,1,0,1,0.333333333333333,-0.0416552658126873,10.5916780675206
592,1,1,2,1,0,1,0.333333333333333,-0.118597665048969,10.5147356682844
593,1,1,2,1,0,1,0.333333333333333,-0.414467190052503,10.2188661432808
594,1,1,2,1,0,1,0.333333333333333,-0.236999550072648,10.3963337832607
595,1,1,2,1,0,0,0.333333333333333,-0.596482402967401,10.0368509303659
596,1,1,2,1,0,1,0.333333333333333,0.275408771261945,10.9087421045953
597,1,1,2,1,0,0,0.333333333333333,0.574635668256158,11.2079690015895
598,1,1,2,1,0,1,0.333333333333333,1.4320536112284,12.0653869445617
599,1,1,2,1,0,1,0.333333333333333,0.268847147655298,10.9021804809886
600,1,1,2,1,0,1,0.333333333333333,0.420377694561954,11.0537110278953
601,1,1,2,1,0,0,0.333333333333333,0.706951607427532,11.3402849407609
602,1,1,2,1,0,1,0.333333333333333,0.207476198887123,10.8408095322205
603,1,1,2,1,0,0,0.333333333333333,0.00411497216731646,10.6374483055007
604,1,1,2,1,0,0,0.333333333333333,0.496801424908443,11.1301347582418
605,0,1,1,0,1,0,0,-1.28131348095406,9.01868651904594
606,0,1,1,0,1,0,0,-1.20164109337001,9.09835890662999
607,1,1,2,1,0,1,0.333333333333333,-0.375747251885113,10.2575860814482
608,1,1,2,1,0,1,0.333333333333333,-0.64870234822256,9.98463098511077
609,1,1,2,1,0,1,0.333333333333333,0.226563683292164,10.8598970166255
610,0,1,1,0,1,1,0.333333333333333,-0.205449433771996,10.4278838995613
611,1,1,2,1,0,1,0.333333333333333,-0.382782400602352,10.250550932731
612,1,1,2,1,0,1,0.333333333333333,-1.77678598558137,8.85654734775197
613,1,1,2,1,0,1,0.333333333333333,-0.0410894156674657,10.5922439176659
614,1,1,2,1,0,0,0.333333333333333,0.845283570259431,11.4786169035928
615,1,1,2,1,0,0,0.333333333333333,1.51753269408801,12.1508660274213
616,1,1,2,1,0,1,0.333333333333333,-0.675223964670375,9.95810936866296
617,1,1,2,1,0,1,0.333333333333333,-1.86671482877767,8.76661850455567
618,0,1,1,0,1,1,0.333333333333333,1.14303386867984,11.7763672020132
619,1,1,2,1,0,1,0.333333333333333,0.357161714652934,10.9904950479863
620,1,1,2,1,0,0,0.333333333333333,-0.797882826929942,9.83545050640339
621,1,1,2,1,0,0,0.333333333333333,2.06363378476221,12.6969671180955
622,1,1,2,1,0,1,0.333333333333333,1.34486853701992,11.9782018703533
623,1,1,2,1,0,1,0.333333333333333,-2.50566231129992,8.12767102203341
624,1,1,2,1,0,1,0.333333333333333,0.508133157488036,11.1414664908214
625,0,1,1,0,1,0,0,-0.446376395771924,9.85362360422808
626,1,1,2,1,0,0,0.333333333333333,-1.40923617087272,9.22409716246062
627,1,1,2,1,0,0,0.333333333333333,0.688591737313395,11.3219250706467
628,1,1,2,1,0,1,0.333333333333333,0.45650072901498,11.0898340623483
629,1,1,2,1,0,1,0.333333333333333,0.500739655109476,11.1340729884428
630,0,1,1,0,1,0,0,-0.379945024390584,9.92005497560942
631,1,1,2,1,0,0,0.333333333333333,-1.97291914472343,8.6604141886099
632,1,1,2,1,0,1,0.333333333333333,-1.03830164286712,9.59503169046621
633,0,1,1,0,1,1,0.333333333333333,0.598729508149786,11.2320628414831
634,1,1,2,1,0,0,0.333333333333333,0.729698622535863,11.3630319558692
635,1,1,2,1,0,1,0.333333333333333,0.457065570491801,11.0903989038251
636,1,1,2,1,0,1,0.333333333333333,1.6183061194359,12.2516394527692
637,1,1,2,1,0,0,0.333333333333333,0.219797474772002,10.8531308081053
638,1,1,2,1,0,0,0.333333333333333,-0.765751914063269,9.86758141927007
639,1,1,2,1,0,1,0.333333333333333,-0.35459449856155,10.2787388347718
640,1,1,2,1,0,1,0.333333333333333,0.785440318323367,11.4187736516567
641,1,1,2,1,0,1,0.333333333333333,-0.734904639165268,9.89842869416807
642,0,1,1,0,1,0,0,-0.724393656026959,9.57560634397304
643,1,1,2,1,0,0,0.333333333333333,-1.75980720021008,8.87352613312325
644,1,1,2,1,0,1,0.333333333333333,0.0816272550755634,10.7149605884089
645,0,0,0,0,0,0,0,-2.42285470477332,7.87714529522668
646,1,1,2,1,0,1,0.333333333333333,0.502932327819253,11.1362656611526
647,1,1,2,1,0,0,0.333333333333333,-0.391861058107057,10.2414722752263
648,1,1,2,1,0,0,0.333333333333333,1.05373360790368,11.687066941237
649,1,1,2,1,0,1,0.333333333333333,0.82295430396318,11.4562876372965
650,1,1,2,1,0,1,0.333333333333333,1.29887828467336,11.9322116180067
651,1,1,2,1,0,0,0.333333333333333,-2.02748321335211,8.60585011998122
652,0,1,1,0,1,1,0.333333333333333,-0.0872377364094295,10.5460955969239
653,1,1,2,1,0,0,0.333333333333333,-0.312420679577306,10.320912653756
654,0,1,1,0,1,1,0.333333333333333,0.697943625496683,11.33127695883
655,1,1,2,1,0,1,0.333333333333333,-0.142554967792606,10.4907783655407
656,1,1,2,1,0,0,0.333333333333333,-1.17762946178501,9.45570387154833
657,1,1,2,1,0,1,0.333333333333333,2.41492707400534,13.0482604073387
658,1,1,2,1,0,1,0.333333333333333,-1.97997662405434,8.653356709279
659,0,1,1,0,1,1,0.333333333333333,0.654004664252455,11.2873379975858
660,1,1,2,1,0,0,0.333333333333333,0.0528127350540076,10.6861460683873
661,0,1,1,0,1,0,0,0.398517609845928,10.6985176098459
662,1,1,2,1,0,1,0.333333333333333,-0.144310884653735,10.4890224486796
663,0,1,1,0,1,0,0,1.46304519293722,11.7630451929372
664,1,1,2,1,0,1,0.333333333333333,0.288858831780958,10.9221921651143
665,1,1,2,1,0,0,0.333333333333333,0.910645434121573,11.5439787674549
666,1,1,2,1,0,0,0.333333333333333,-0.95527141925078,9.67806191408256
667,1,1,2,1,0,1,0.333333333333333,1.02898624040964,11.662319573743
668,1,1,2,1,0,0,0.333333333333333,0.541549792885625,11.174883126219
669,1,1,2,1,0,1,0.333333333333333,-0.0408599548703697,10.592473378463
670,1,1,2,1,0,0,0.333333333333333,0.388816095425048,11.0221494287584
671,1,1,2,1,0,1,0.333333333333333,-0.20360144440714,10.4297318889262
672,1,1,2,1,0,1,0.333333333333333,-0.783964393521233,9.8493689398121
673,1,1,2,1,0,0,0.333333333333333,1.04682877403771,11.680162107371
674,1,1,2,1,0,1,0.333333333333333,0.802835548329,11.4361688816623
675,0,1,1,0,1,0,0,0.387195391393643,10.6871953913936
676,1,1,2,1,0,0,0.333333333333333,0.425297781113968,11.0586311144473
677,1,1,2,1,0,1,0.333333333333333,1.2909203625671,11.9242536959004
678,1,1,2,1,0,0,0.333333333333333,0.862124593970055,11.4954579273034
679,1,1,2,1,0,0,0.333333333333333,0.906014435606069,11.5393477689394
680,1,1,2,1,0,0,0.333333333333333,-0.470882640584942,10.1624506927484
681,0,1,1,0,1,0,0,0.369630911686621,10.6696309116866
682,1,1,2,1,0,0,0.333333333333333,-0.471445065302349,10.161888268031
683,0,1,1,0,1,1,0.333333333333333,-1.0229753986546,9.61035793467873
684,0,1,1,0,1,1,0.333333333333333,-0.866746047688093,9.76658728564524
685,1,1,2,1,0,1,0.333333333333333,-0.14100725136538,10.492326081968
686,0,1,1,0,1,0,0,0.328163772987461,10.6281637729875
687,1,1,2,1,0,0,0.333333333333333,1.42776170883644,12.0610950421698
688,1,1,2,1,0,0,0.333333333333333,0.158246939387975,10.7915802727213
689,0,1,1,0,1,1,0.333333333333333,-0.477523946137157,10.1558093871962
690,1,1,2,1,0,0,0.333333333333333,-1.84445399512043,8.78887933821291
691,1,1,2,1,0,0,0.333333333333333,-0.152658189448295,10.480675143885
692,1,1,2,1,0,0,0.333333333333333,-0.184813547065709,10.4485197862676
693,1,1,2,1,0,0,0.333333333333333,2.91685893063787,13.5501922639712
694,0,1,1,0,1,0,0,0.0440368068258684,10.3440368068259
695,1,1,2,1,0,0,0.333333333333333,1.09276985421331,11.7261031875466
696,1,1,2,1,0,1,0.333333333333333,-0.552126620664085,10.0812067126692
697,1,1,2,1,0,0,0.333333333333333,-0.466125049972939,10.1672082833604
698,1,1,2,1,0,1,0.333333333333333,0.00435077951335269,10.6376841128467
699,1,1,2,1,0,0,0.333333333333333,-1.93677919409027,8.69655413924307
700,1,1,2,1,0,1,0.333333333333333,0.487080870388779,11.1204142037221
701,1,1,2,1,0,1,0.333333333333333,-2.06668323831563,8.5666500950177
702,1,1,2,1,0,0,0.333333333333333,0.872626944517458,11.5059602778508
703,0,1,1,0,1,0,0,2.52893206943592,12.8289320694359
704,1,1,2,1,0,1,0.333333333333333,0.389100423316616,11.02243375665
705,0,1,1,0,1,1,0.333333333333333,0.387917377464708,11.021250710798
706,1,1,2,1,0,0,0.333333333333333,-0.301741002430773,10.3315923309026
707,1,1,2,1,0,0,0.333333333333333,-0.0800137753748701,10.5533195579585
708,1,1,2,1,0,0,0.333333333333333,0.136392392916146,10.7697257262495
709,1,1,2,1,0,0,0.333333333333333,1.10939216889014,11.7427255022235
710,1,1,2,1,0,0,0.333333333333333,-1.50037628627081,9.13295704706253
711,1,1,2,1,0,1,0.333333333333333,0.0944955290316549,10.727828862365
712,1,1,2,1,0,1,0.333333333333333,0.485652016750607,11.1189853500839
713,1,1,2,1,0,1,0.333333333333333,0.570699979437978,11.2040333127713
714,1,1,2,1,0,0,0.333333333333333,1.60483397667175,12.2381673100051
715,0,0,0,0,0,1,0,1.30040388838105,11.6004038883811
716,1,1,2,1,0,0,0.333333333333333,1.80672946784588,12.4400628011792
717,1,1,2,1,0,0,0.333333333333333,0.351994676304898,10.9853280096382
718,1,1,2,1,0,1,0.333333333333333,0.138845363462894,10.7721786967962
719,1,1,2,1,0,1,0.333333333333333,0.15616599784235,10.7894993311757
720,0,1,1,0,1,1,0.333333333333333,-0.578665067498516,10.0546682658348
721,1,1,2,1,0,0,0.333333333333333,-0.671190198497724,9.96214313483561
722,1,1,2,1,0,1,0.333333333333333,0.0312039750919027,10.6645373084252
723,1,1,2,1,0,1,0.333333333333333,2.29409445682569,12.927427790159
724,1,1,2,1,0,0,0.333333333333333,1.07118863525155,11.7045219685849
725,0,1,1,0,1,1,0.333333333333333,-0.265221085235353,10.368112248098
726,1,1,2,1,0,1,0.333333333333333,0.171360392591433,10.8046937259248
727,1,1,2,1,0,1,0.333333333333333,-1.81413601647488,8.81919731685845
728,1,1,2,1,0,0,0.333333333333333,-1.53297262966236,9.10036070367098
729,1,1,2,1,0,0,0.333333333333333,1.23991078378836,11.8732441171217
730,1,1,2,1,0,1,0.333333333333333,-2.19655313637446,8.43678019695887
731,1,1,2,1,0,0,0.333333333333333,-0.1020226858655,10.5313106474678
732,1,1,2,1,0,1,0.333333333333333,-0.643820622002857,9.98951271133048
733,1,1,2,1,0,1,0.333333333333333,-0.458804689985318,10.174528643348
734,1,1,2,1,0,0,0.333333333333333,-0.482735712797628,10.1505976205357
735,0,1,1,0,1,1,0.333333333333333,-0.42542029616645,10.2079130371669
736,1,1,2,1,0,1,0.333333333333333,0.6565771709555,11.2899105042888
737,1,1,2,1,0,0,0.333333333333333,-0.284120666110719,10.3492126672226
738,1,1,2,1,0,1,0.333333333333333,0.931929608070604,11.5652629414039
739,1,1,2,1,0,0,0.333333333333333,0.937952401548976,11.5712857348823
740,0,1,1,0,1,1,0.333333333333333,-0.77266559505936,9.86066773827397
741,1,1,2,1,0,1,0.333333333333333,-0.806548862745786,9.82678447058755
742,1,1,2,1,0,1,0.333333333333333,0.974203885220619,11.607537218554
743,1,1,2,1,0,1,0.333333333333333,2.1195409390494,12.7528742723827
744,0,1,1,0,1,0,0,-1.19714298892976,9.10285701107024
745,1,1,2,1,0,0,0.333333333333333,1.1283916527699,11.7617249861032
746,1,1,2,1,0,1,0.333333333333333,0.0880706599050834,10.7214039932384
747,1,1,2,1,0,0,0.333333333333333,-1.15290282383006,9.48043050950328
748,1,1,2,1,0,1,0.333333333333333,0.400885136405843,11.0342184697392
749,1,1,2,1,0,1,0.333333333333333,0.0754550511776483,10.708788384511
750,1,1,2,1,0,0,0.333333333333333,-0.668895996140157,9.96443733719318
751,1,1,2,1,0,0,0.333333333333333,0.249634583219143,10.8829679165525
752,0,1,1,0,1,0,0,1.74543001967519,12.0454300196752
753,0,1,1,0,1,1,0.333333333333333,0.39080191766527,11.0241352509986
754,1,1,2,1,0,0,0.333333333333333,-1.39885501411103,9.2344783192223
755,0,1,1,0,1,0,0,0.0204446804565073,10.3204446804565
756,0,1,1,0,1,0,0,0.359096890345326,10.6590968903453
757,1,1,2,1,0,0,0.333333333333333,0.354284226214249,10.9876175595476
758,1,1,2,1,0,1,0.333333333333333,-1.54188422575405,9.09144910757929
759,1,1,2,1,0,0,0.333333333333333,1.53209636874209,12.1654297020754
760,1,1,2,1,0,1,0.333333333333333,-0.266263173908764,10.3670701594246
761,1,1,2,1,0,0,0.333333333333333,1.2318489542877,11.865182287621
762,1,1,2,1,0,1,0.333333333333333,0.271054496204191,10.9043878295375
763,0,1,1,0,1,0,0,-1.71536591018645,8.58463408981355
764,0,1,1,0,1,1,0.333333333333333,1.90002385051251,12.5333571838458
765,1,1,2,1,0,1,0.333333333333333,-0.783976772556083,9.84935656077725
766,1,1,2,1,0,1,0.333333333333333,0.390190069199344,11.0235234025327
767,1,1,2,1,0,1,0.333333333333333,-0.688604284345335,9.944729048988
768,0,1,1,0,1,1,0.333333333333333,1.32000037003077,11.9533337033641
769,1,1,2,1,0,1,0.333333333333333,-2.60265110788411,8.03068222544923
770,1,1,2,1,0,0,0.333333333333333,2.17924244619453,12.8125757795279
771,1,1,2,1,0,1,0.333333333333333,-0.863499881105389,9.76983345222795
772,1,1,2,1,0,0,0.333333333333333,-0.402358571202105,10.2309747621312
773,1,1,2,1,0,1,0.333333333333333,-0.180902160888597,10.4524311724447
774,1,1,2,1,0,1,0.333333333333333,0.418973999969321,11.0523073333027
775,1,1,2,1,0,1,0.333333333333333,2.60508288701286,13.2384162203462
776,1,1,2,1,0,0,0.333333333333333,-0.346256779817323,10.287076553516
777,1,1,2,1,0,0,0.333333333333333,0.591245534938594,11.2245788682719
778,1,1,2,1,0,1,0.333333333333333,0.348601218070938,10.9819345514043
779,1,1,2,1,0,1,0.333333333333333,0.322965273214007,10.9562986065473
780,1,1,2,1,0,1,0.333333333333333,-0.0780358551937729,10.5552974781396
781,1,1,2,1,0,1,0.333333333333333,0.03962378207964,10.672957115413
782,0,1,1,0,1,0,0,-0.146222130146136,10.1537778698539
783,1,1,2,1,0,1,0.333333333333333,0.435875943155584,11.0692092764889
784,1,1,2,1,0,0,0.333333333333333,-0.991132208905444,9.64220112442789
785,1,1,2,1,0,0,0.333333333333333,0.331825734730307,10.9651590680636
786,1,1,2,1,0,0,0.333333333333333,0.105226283424741,10.7385596167581
787,1,1,2,1,0,1,0.333333333333333,0.081135271408264,10.7144686047416
788,0,0,0,0,0,0,0,-1.37361762335224,8.92638237664776
789,0,1,1,0,1,1,0.333333333333333,-0.711268102125305,9.92206523120803
790,0,0,0,0,0,0,0,-0.583046925761323,9.71695307423868
791,1,1,2,1,0,1,0.333333333333333,-0.116902061613558,10.5164312717198
792,0,1,1,0,1,0,0,-0.844326620449618,9.45567337955038
793,0,1,1,0,1,1,0.333333333333333,-0.573122625740069,10.0602107075933
794,1,1,2,1,0,0,0.333333333333333,0.505521406745595,11.1388547400789
795,0,1,1,0,1,0,0,-1.48142947222945,8.81857052777055
796,1,1,2,1,0,1,0.333333333333333,-0.0235725960602257,10.6097607372731
797,1,1,2,1,0,0,0.333333333333333,-2.13439511450417,8.49893821882917
798,1,1,2,1,0,0,0.333333333333333,-1.57430814448503,9.0590251888483
799,1,1,2,1,0,0,0.333333333333333,0.725124198787404,11.3584575321207
800,1,1,2,1,0,0,0.333333333333333,0.740755323632838,11.3740886569662
801,1,1,2,1,0,1,0.333333333333333,2.58420763275753,13.2175409660909
802,1,1,2,1,0,0,0.333333333333333,0.0840720427152541,10.7174053760486
803,1,1,2,1,0,0,0.333333333333333,0.991548396606449,11.6248817299398
804,1,1,2,1,0,0,0.333333333333333,-1.05277542325267,9.58055791008067
805,1,1,2,1,0,1,0.333333333333333,0.354099906266362,10.9874332395997
806,1,1,2,1,0,1,0.333333333333333,-0.756966538731496,9.87636679460184
807,0,1,1,0,1,0,0,0.333475776007458,10.6334757760075
808,1,1,2,1,0,0,0.333333333333333,0.149473101528584,10.7828064348619
809,1,1,2,1,0,1,0.333333333333333,-0.656408149812136,9.9769251835212
810,0,1,1,0,1,1,0.333333333333333,-0.16967297881902,10.4636603545143
811,1,1,2,1,0,1,0.333333333333333,-1.79822235808902,8.83511097524432
812,1,1,2,1,0,0,0.333333333333333,-1.33208862390958,9.30124470942375
813,1,1,2,1,0,1,0.333333333333333,-1.28926391103664,9.34406942229669
814,1,1,2,1,0,1,0.333333333333333,-0.341373405280628,10.2919599280527
815,1,1,2,1,0,0,0.333333333333333,0.784505874134663,11.417839207468
816,1,1,2,1,0,0,0.333333333333333,0.299046927541106,10.9323802608744
817,0,1,1,0,1,0,0,0.416326435896606,10.7163264358966
818,1,1,2,1,0,1,0.333333333333333,0.667936153622217,11.3012694869556
819,1,1,2,1,0,1,0.333333333333333,0.399738916756305,11.0330722500896
820,1,1,2,1,0,0,0.333333333333333,-0.623064395724068,10.0102689376093
821,1,1,2,1,0,0,0.333333333333333,-2.65621261257367,7.97712072075967
822,1,1,2,1,0,0,0.333333333333333,-0.234185375508202,10.3991479578251
823,1,1,2,1,0,1,0.333333333333333,1.09557753029273,11.7289108636261
824,0,1,1,0,1,1,0.333333333333333,0.0353993292990411,10.6687326626324
825,1,1,2,1,0,1,0.333333333333333,-1.04412816786404,9.5892051654693
826,0,1,1,0,1,1,0.333333333333333,-0.686491228495378,9.94684210483796
827,1,1,2,1,0,1,0.333333333333333,0.743917753378293,11.3772510867116
828,1,1,2,1,0,0,0.333333333333333,1.48360567543308,12.1169390087664
829,1,1,2,1,0,1,0.333333333333333,-0.942491566135709,9.69084176719763
830,1,1,2,1,0,1,0.333333333333333,0.44880159711663,11.08213493045
831,1,1,2,1,0,0,0.333333333333333,-0.486259980722934,10.1470733526104
832,0,1,1,0,1,1,0.333333333333333,-0.125543942958489,10.5077893903748
833,1,1,2,1,0,0,0.333333333333333,0.282985105198253,10.9163184385316
834,1,1,2,1,0,0,0.333333333333333,0.970641906941983,11.6039752402753
835,1,1,2,1,0,0,0.333333333333333,0.857461367679266,11.4907947010126
836,1,1,2,1,0,0,0.333333333333333,0.220921151105446,10.8542544844388
837,1,1,2,1,0,1,0.333333333333333,1.12873036689365,11.762063700227
838,1,1,2,1,0,0,0.333333333333333,-0.949951037991154,9.68338229534218
839,1,1,2,1,0,1,0.333333333333333,0.0629390313196312,10.696272364653
840,1,1,2,1,0,0,0.333333333333333,0.162935392328167,10.7962687256615
841,1,1,2,1,0,0,0.333333333333333,0.333144354976487,10.9664776883098
842,1,1,2,1,0,0,0.333333333333333,-0.822153378467183,9.81117995486615
843,0,1,1,0,1,1,0.333333333333333,0.0812594029708427,10.7145927363042
844,1,1,2,1,0,1,0.333333333333333,-0.311069314965195,10.3222640183681
845,1,1,2,1,0,1,0.333333333333333,-0.839643382612486,9.79368995072085
846,1,1,2,1,0,0,0.333333333333333,-2.07933840150306,8.55399493183027
847,1,1,2,1,0,1,0.333333333333333,1.50410466469706,12.1374379980304
848,1,1,2,1,0,1,0.333333333333333,-0.194581320643081,10.4387520126903
849,1,1,2,1,0,1,0.333333333333333,0.637098346352593,11.2704316796859
850,1,1,2,1,0,1,0.333333333333333,-3.84197700222318,6.79135633111016
851,1,1,2,1,0,0,0.333333333333333,1.33575253441311,11.9690858677465
852,0,1,1,0,1,0,0,-1.215791321805,9.084208678195
853,1,1,2,1,0,0,0.333333333333333,0.310429777452787,10.9437631107861
854,0,0,0,0,0,0,0,-0.471765552852973,9.82823444714703
855,1,1,2,1,0,0,0.333333333333333,-0.161076060740639,10.4722572725927
856,1,1,2,1,0,0,0.333333333333333,0.0346336734516627,10.667967006785
857,1,1,2,1,0,0,0.333333333333333,0.848298683359674,11.481632016693
858,1,1,2,1,0,1,0.333333333333333,0.620993189585047,11.2543265229184
859,0,0,0,0,0,1,0,0.46275375830598,10.762753758306
860,1,1,2,1,0,1,0.333333333333333,1.15891673796625,11.7922500712996
861,1,1,2,1,0,0,0.333333333333333,-0.641198133645863,9.99213519968747
862,1,1,2,1,0,0,0.333333333333333,0.687461420057373,11.3207947533907
863,0,0,0,0,0,1,0,0.0287867597142116,10.3287867597142
864,1,1,2,1,0,1,0.333333333333333,1.53376550806381,12.1670988413971
865,1,1,2,1,0,1,0.333333333333333,0.756643835935857,11.3899771692692
866,0,1,1,0,1,1,0.333333333333333,0.391189335655069,11.0245226689884
867,1,1,2,1,0,0,0.333333333333333,0.588252055994011,11.2215853893273
868,1,1,2,1,0,1,0.333333333333333,-0.674976290678658,9.95835704265468
869,1,1,2,1,0,1,0.333333333333333,-0.755208136564831,9.8781251967685
870,1,1,2,1,0,0,0.333333333333333,0.263231684749228,10.8965650180826
871,1,1,2,1,0,1,0.333333333333333,-1.93537269978147,8.69796063355187
872,0,1,1,0,1,1,0.333333333333333,0.492418158989131,11.1257514923225
873,1,1,2,1,0,0,0.333333333333333,-1.14281075970244,9.4905225736309
874,1,1,2,1,0,1,0.333333333333333,-0.879160736629057,9.75417259670428
875,1,1,2,1,0,0,0.333333333333333,-0.0817556393099101,10.5515776940234
876,0,1,1,0,1,0,0,1.82807490624493,12.1280749062449
877,1,1,2,1,0,0,0.333333333333333,0.596998260684418,11.2303315940178
878,1,1,2,1,0,1,0.333333333333333,1.78749734045077,12.4208306737841
879,1,1,2,1,0,1,0.333333333333333,1.42930356112092,12.0626368944543
880,0,1,1,0,1,1,0.333333333333333,-0.242332171965683,10.3910011613677
881,1,1,2,1,0,0,0.333333333333333,-0.490858811438438,10.1424745218949
882,1,1,2,1,0,1,0.333333333333333,-1.31674559370896,9.31658773962437
883,1,1,2,1,0,1,0.333333333333333,-0.337585379775093,10.2957479535582
884,1,1,2,1,0,1,0.333333333333333,1.29898941495979,11.9323227482931
885,1,1,2,1,0,1,0.333333333333333,-2.00332725062165,8.63000608271168
886,1,1,2,1,0,1,0.333333333333333,0.45299647190662,11.08632980524
887,1,1,2,1,0,1,0.333333333333333,0.831457464151017,11.4647907974844
888,1,1,2,1,0,0,0.333333333333333,-0.56288860064431,10.070444732689
889,1,1,2,1,0,1,0.333333333333333,0.142294584022986,10.7756279173563
890,1,1,2,1,0,1,0.333333333333333,1.05447320870138,11.6878065420347
891,1,1,2,1,0,1,0.333333333333333,0.891619450166763,11.5249527835001
892,1,1,2,1,0,1,0.333333333333333,0.0236203433172766,10.6569536766506
893,1,1,2,1,0,1,0.333333333333333,-0.908400550732181,9.72493278260115
894,1,1,2,1,0,0,0.333333333333333,-0.290634341466998,10.3426989918663
895,1,1,2,1,0,1,0.333333333333333,-1.1223735662046,9.51095976712873
896,1,1,2,1,0,0,0.333333333333333,-0.837731814846083,9.79560151848725
897,1,1,2,1,0,0,0.333333333333333,0.728520331937393,11.3618536652707
898,0,1,1,0,1,1,0.333333333333333,-1.40877037067632,9.22456296265702
899,0,1,1,0,1,0,0,-0.998783124595254,9.30121687540475
900,1,1,2,1,0,0,0.333333333333333,-0.140005826569242,10.4933275067641
901,1,1,2,1,0,0,0.333333333333333,0.180003896250462,10.8133372295838
902,0,1,1,0,1,0,0,0.904478123784872,11.2044781237849
903,1,1,2,1,0,1,0.333333333333333,-0.901765369591159,9.73156796374218
904,1,1,2,1,0,0,0.333333333333333,-0.413510177429047,10.2198231559043
905,1,1,2,1,0,0,0.333333333333333,0.707744776604177,11.3410781099375
906,0,1,1,0,1,0,0,-0.588214836694518,9.71178516330548
907,1,1,2,1,0,1,0.333333333333333,0.453365718835765,11.0866990521691
908,1,1,2,1,0,0,0.333333333333333,0.573688711479933,11.2070220448133
909,1,1,2,1,0,1,0.333333333333333,-0.662490421946251,9.97084291138708
910,1,1,2,1,0,1,0.333333333333333,-1.30685462930027,9.32647870403307
911,1,1,2,1,0,0,0.333333333333333,-0.0269905489577831,10.6063427843756
912,0,1,1,0,1,0,0,0.69364209522621,10.9936420952262
913,1,1,2,1,0,0,0.333333333333333,-0.123298577395508,10.5100347559378
914,0,1,1,0,1,0,0,-1.52773069399797,8.77226930600203
915,1,1,2,1,0,0,0.333333333333333,1.00427813009289,11.6376114634262
916,1,1,2,1,0,1,0.333333333333333,-0.495826884997581,10.1375064483358
917,1,1,2,1,0,0,0.333333333333333,2.38988360629404,13.0232169396274
918,0,1,1,0,1,1,0.333333333333333,-0.787735456807772,9.84559787652556
919,0,1,1,0,1,0,0,0.0810231399482141,10.3810231399482
920,1,1,2,1,0,0,0.333333333333333,1.42704807728505,12.0603814106184
921,1,1,2,1,0,1,0.333333333333333,-1.21052928846026,9.42280404487308
922,1,1,2,1,0,1,0.333333333333333,0.574663337048207,11.2079966703815
923,1,1,2,1,0,0,0.333333333333333,-0.347732195072368,10.285601138261
924,1,1,2,1,0,0,0.333333333333333,-0.984813199496834,9.6485201338365
925,0,1,1,0,1,0,0,-0.0875829508034759,10.2124170491965
926,1,1,2,1,0,1,0.333333333333333,-0.633341589565448,9.99999174376789
927,1,1,2,1,0,1,0.333333333333333,0.785944319022914,11.4192776523562
928,1,1,2,1,0,0,0.333333333333333,0.239189216128859,10.8725225494622
929,0,1,1,0,1,0,0,-0.66959105711862,9.63040894288138
930,1,1,2,1,0,0,0.333333333333333,-1.13290156729313,9.5004317660402
931,1,1,2,1,0,0,0.333333333333333,0.357825876731704,10.991159210065
932,1,1,2,1,0,1,0.333333333333333,-0.178776810863589,10.4545565224697
933,1,1,2,1,0,0,0.333333333333333,-1.90819558940854,8.72513774392479
934,0,1,1,0,1,0,0,0.237527099267933,10.5375270992679
935,1,1,2,1,0,0,0.333333333333333,-0.0510927391914381,10.5822405941419
936,1,1,2,1,0,0,0.333333333333333,0.114411273411831,10.7477446067452
937,1,1,2,1,0,0,0.333333333333333,-0.536020812433028,10.0973125209003
938,1,1,2,1,0,0,0.333333333333333,1.85643086837313,12.4897642017065
939,1,1,2,1,0,0,0.333333333333333,-1.91164077685864,8.7216925564747
940,1,1,2,1,0,0,0.333333333333333,0.468249666593698,11.101582999927
941,1,1,2,1,0,0,0.333333333333333,0.788972892518064,11.4223062258514
942,1,1,2,1,0,0,0.333333333333333,0.666573722006086,11.2999070553394
943,1,1,2,1,0,0,0.333333333333333,-0.156361732819813,10.4769716005135
944,1,1,2,1,0,1,0.333333333333333,0.17839909361854,10.8117324269519
945,1,1,2,1,0,1,0.333333333333333,0.712763037284795,11.3460963706181
946,1,1,2,1,0,0,0.333333333333333,-0.449151902533372,10.1841814308
947,1,1,2,1,0,1,0.333333333333333,1.00929265141929,11.6426259847526
948,1,1,2,1,0,1,0.333333333333333,0.120146660220992,10.7534799935543
949,1,1,2,1,0,1,0.333333333333333,-1.66048081364965,8.97285251968368
950,1,1,2,1,0,1,0.333333333333333,0.513072173634267,11.1464055069676
951,1,1,2,1,0,0,0.333333333333333,1.15051998026753,11.7838533136009
952,1,1,2,1,0,0,0.333333333333333,-0.642040789599362,9.99129254373397
953,0,1,1,0,1,1,0.333333333333333,-0.966887825460229,9.6664455078731
954,1,1,2,1,0,1,0.333333333333333,0.517377336597884,11.1507106699312
955,1,1,2,1,0,1,0.333333333333333,1.0448289085421,11.6781622418754
956,1,1,2,1,0,0,0.333333333333333,0.431821835194714,11.065155168528
957,1,1,2,1,0,1,0.333333333333333,-1.12832590028502,9.50500743304831
958,1,1,2,1,0,0,0.333333333333333,0.112038803058271,10.7453721363916
959,1,1,2,1,0,1,0.333333333333333,-1.74203873163482,8.89129460169852
960,0,1,1,0,1,1,0.333333333333333,0.278220552799122,10.9115538861325
961,1,1,2,1,0,1,0.333333333333333,-0.228351825150768,10.4049815081826
962,0,1,1,0,1,1,0.333333333333333,0.0416320718467943,10.6749654051801
963,1,1,2,1,0,1,0.333333333333333,-0.175168627987064,10.4581647053463
964,1,1,2,1,0,0,0.333333333333333,-0.875852023263898,9.75748131006944
965,1,1,2,1,0,0,0.333333333333333,1.29620591183889,11.9295392451722
966,0,1,1,0,1,0,0,1.37607763665492,11.6760776366549
967,0,1,1,0,1,1,0.333333333333333,0.442278054794494,11.0756113881278
968,0,1,1,0,1,0,0,-3.00438173914828,7.29561826085172
969,1,1,2,1,0,1,0.333333333333333,0.168996197106954,10.8023295304403
970,1,1,2,1,0,0,0.333333333333333,-1.51350691088371,9.11982642244963
971,1,1,2,1,0,1,0.333333333333333,-0.847826811710823,9.78550652162251
972,0,1,1,0,1,0,0,-0.41366469462687,9.88633530537313
973,1,1,2,1,0,1,0.333333333333333,-0.783835028694551,9.84949830463878
974,1,1,2,1,0,1,0.333333333333333,-1.02229873636582,9.61103459696752
975,1,1,2,1,0,0,0.333333333333333,-0.0195866828400537,10.6137466504933
976,1,1,2,1,0,0,0.333333333333333,-0.67237258925953,9.96096074407381
977,1,1,2,1,0,0,0.333333333333333,-1.67116566611215,8.96216766722119
978,1,1,2,1,0,1,0.333333333333333,-2.90551151757535,7.72782181575798
979,1,1,2,1,0,0,0.333333333333333,-0.236309100434504,10.3970242328988
980,1,1,2,1,0,0,0.333333333333333,-0.414248568983054,10.2190847643503
981,1,1,2,1,0,1,0.333333333333333,-0.248270059644666,10.3850632736887
982,1,1,2,1,0,1,0.333333333333333,-0.112112251191191,10.5212210821421
983,1,1,2,1,0,0,0.333333333333333,-0.0992807022744718,10.5340526310589
984,1,1,2,1,0,1,0.333333333333333,1.47750990344825,12.1108432367816
985,0,1,1,0,1,0,0,0.374454565296878,10.6744545652969
986,1,1,2,1,0,0,0.333333333333333,-0.41076414521418,10.2225691881192
987,1,1,2,1,0,0,0.333333333333333,-0.734518549266804,9.89881478406653
988,0,1,1,0,1,0,0,-0.728375913442013,9.57162408655799
989,1,1,2,1,0,0,0.333333333333333,-1.49165599811379,9.14167733521954
990,1,1,2,1,0,1,0.333333333333333,2.33699640962041,12.9703297429537
991,0,1,1,0,1,0,0,-0.205441138773541,10.0945588612265
992,0,1,1,0,1,0,0,-0.700049253244824,9.59995074675518
993,1,1,2,1,0,1,0.333333333333333,-0.487706051712674,10.1456272816207
994,1,1,2,1,0,0,0.333333333333333,0.551085601545839,11.1844189348792
995,0,1,1,0,1,1,0.333333333333333,0.489359611763015,11.1226929450964
996,1,1,2,1,0,0,0.333333333333333,-0.276210471663443,10.3571228616699
997,0,1,1,0,1,1,0.333333333333333,1.10765408842502,11.7409874217584
998,0,1,1,0,1,1,0.333333333333333,0.722672994566134,11.3560063278995
999,0,1,1,0,1,1,0.333333333333333,-1.28896412352404,9.34436920980929
1000,1,1,2,1,0,1,0.333333333333333,0.25304998768418,10.8863833210175
